Region	Item	Alternative	NatCondA	NatCondB	NatCondC	LearnCondA	LearnCondB	LearnCondC	1a	1b	1c	2a	2b	2c	3a	3b	3c	4a	4b	4c	5a	5b	5c	6a	6b	6c	9a	9b	9c	10a	10b	10c	11a	11b	11c	12a	12b	12c	13a	13b	13c	15a	15b	15c	16a	16b	16c	17a	17b	17c	18a	18b	18c	19a	19b	19c	20a	20b	20c	21a	21b	21c	23a	23b	23c
1	1	101	0.218772665	0.460334005	0.285224498	-0.003797977	0.289742878	0.125745192		0.38688469			0.533783321					0.218772665		0.150216357			0.420232639		0.072493671		0.034595402		-0.015711101		-0.18069274			0.196963112			0.104203046				0.4320975		-0.13342809					0.140837071		0.106575623					1.734387075			0.234274073					-0.186826404		-0.019981254
2	1	101	-0.305560936	-0.379583006	-0.312522416	-0.567705358	-0.698680889	-0.475882266		-0.354199982			-0.404966029					-0.305560936		-0.322813858			-0.302230975		-0.432530977		-0.488963946		-0.471832833		-0.890755964			-0.345145597			-0.421783396				-0.268031934		-1.038547463					-0.458855589		-0.508473159					-0.475532001			-1.286470822					-0.755296539		-0.655191137
3	1	101	0.119946102	0.14079372	-0.036750321	-0.129949365	0.477809236	0.237598501		0.19777751			0.08380993					0.119946102		-0.004953731			-0.068546912		0.35855562		-0.102144486		0.112439407		1.472530451			0.03707763			0.0431939				0.182486168		-0.079537499					-0.061831276		-0.107547339					0.660028198			0.852816353					-0.225872333		0.76301577
4	1	101	-0.271825899	-0.088662986	-0.100670668	-0.500891198	-0.645585612	0.294701185		-0.18813405			0.010808078					-0.271825899		-0.193152713			-0.008188623		-0.399633091		-0.405310265		0.224897043		-0.88606017			-0.394980212			-0.455169243				0.315677087		-1.004982464					-0.442161876		-0.300643037					-0.308702458			-1.069571646					-0.655201452		0.938873646
5	1	101	-0.735606355	-0.218299174	-0.190935768	-0.884977928	-0.79912513	0.438830108		-0.530408811			0.093810462					-0.735606355		-0.169758252			-0.212113284		-0.817844524		-0.88895498		0.100429994		-1.113319103			-0.883524017			-0.775634589				0.282870325		-0.73134214					-1.037548885		-0.216279528					-0.781966426			-0.49024511					-0.728429918		1.588299642
1	2	102	0.148622798	0.185995043	0.138519254	0.269023187	0.422036899	-0.079328584	-0.08544135		-0.333356142	0.149557237		0.533111457	0.381752506		0.215802446		0.268741385			0.103248701		0.289794731		0.221358386		0.001526669		0.297143394		-0.471134978	0.297010789		0.196950236	0.237683579		0.287752594		0.198501543									0.524097545		-0.177621095		0.022737058	0.821716071			0.117434842		-0.733634797		1.255875724			0.130183012	
2	2	102	-0.502148022	-0.437519539	-0.351430657	-0.673805498	-0.566231089	-0.505042074	-0.552952003		-0.486986256	-0.425434732		-0.136849078	-0.528057331		-0.430456636		-0.417806703			-0.457232375		-0.468580567		-0.413498466		-0.576061578		-1.125096245		-1.037740564	-0.409683912		-0.39497056	-0.503006106		-0.371744998		-0.368228803									-0.438438806		-0.693988149		-0.593681219	-0.693450002			-0.822833508		-0.21861664		-0.797722383			-0.650703877	
3	2	102	0.238028977	0.227649294	0.186935319	0.546372309	0.104759776	0.162355294	0.095016575		0.212125635	0.152889797		0.134361812	0.46618056		0.214318511		0.133240768			0.32205782		0.42591186		0.091921568		0.035026336		2.665670293		0.176230628	0.452019068		0.218377609	0.05764425		0.374679009		0.282853687									0.418440389		-0.059326246		0.074133252	0.410767205			-0.128080266		0.038789694		-0.14902334			-0.063498192	
4	2	102	-0.083812322	-0.074923829	0.243720875	-0.330411511	-0.219855997	0.035981436	-0.134149456		0.078216553	-0.113257771		0.552635985	-0.004029739		0.100310087		-0.239447609			0.089599951		-0.307310105		-0.010370009		-0.263356279		-0.349751536		0.170512836	-0.021920477		0.036858687	-0.348403943		0.376880616		-0.051759873									-0.363939972		-0.610997994		-0.226363805	0.038649889			-0.71314641		-0.131629713		-0.245664045			-0.174559813	
5	2	102	0.017625959	0.023346159	0.021091908	-0.173995562	-0.028858373	0.063679225	0.104422141		-0.102205944	-0.175327397		0.176486111	0.123783133		-0.011004442		-0.168137473			0.21482979		-0.21610308		-0.134643255		-0.053064658		0.021652943		-0.524051237	0.084210306		-0.02612448	-0.258401165		0.147703675		0.164956297									-0.034652818		-0.47815885		-0.176757474	-0.064459824			-0.306709264		1.095948123		-0.26067326			0.039142572	
1	3	103	-0.093626408	-0.152311033	-0.188120512	0.028974147	-0.312673109	0.137746337	-0.174250553		-0.392183731	-0.041573098		-0.041595271	-0.065055573		-0.130582535		-0.054152018			-0.250470047		0.184875281		0.050427827						0.349743317	0.429851		-0.056048327	0.319896563		0.2698478		-0.019409798		-0.416654304		-0.049839499			0.023671387						0.3381878	0.197331218			-0.541454873		0.175980388					-0.605936419	
2	3	103	-0.285681671	-0.233241595	-0.124493331	-0.282151452	-0.374171185	-0.100925767	-0.324285651		-0.173965884	-0.213746241		-0.056592177	-0.319013122		-0.142921934		-0.169054917			-0.297428273		-0.242242869		-0.152039944						0.250803125	-0.182048188		-0.069251863	0.624963496		-0.013496768		-0.234356148		-0.574481243		-0.526471205			0.383441441						0.107956291	-0.223253753			-1.095846157		-0.788347211					-0.513986223	
3	3	103	0.233061498	0.094763139	0.015136109	0.228093838	0.003398502	0.056685097	0.331158638		0.045562506	0.183775025		0.049864846	0.184250831		-0.050019026		0.005098919			0.184427359		0.072843668		0.088197484						0.120755528	0.203696445		0.053527153	0.176659593		0.076551549		0.165928016		0.587143975		-0.229458951			0.251418008						0.407647072	0.126108848			0.202110499		-0.315157069					-0.159131011	
4	3	103	-0.11398816	-0.109592014	0.037184264	-0.152233677	-0.2011599	0.473730126	-0.157856751		0.046379566	-0.144283236		0.114934045	-0.039824492		-0.049760819		-0.074275218			-0.14490881		-0.121920858		0.156895518						-0.397231526	-0.083949006		0.136948681	-0.194841135		0.143284407		-0.000626909		-0.783274221		1.287074638			1.052321589						1.358673407	0.094764148			0.175819008		0.051874297					-0.401692891	
5	3	103	-0.002478014	0.031036665	-0.250857756	-0.033382123	-0.186760182	-0.298096354	-0.040591908		-0.316667461	-0.024503182		-0.197079783	0.057661047		-0.238826025		0.018609768			0.043463562		0.183120345		-0.19116991						-0.849782659	-0.052569116		-0.305550851	0.036574045		-0.014704875		0.04934994		0.058209737		-0.976179528			-0.558618733						-0.227231101	-0.137807087			-0.287820665		0.738466826					-0.422870305	
1	4	104	0.504473133	0.11195089	-0.109555135	0.188433491	0.351582141	-0.046878768		-0.044315242			0.203578394			0.176589516		0.5157902			0.493156066		-0.109555135		0.344083706		0.734488942		-0.074824817		1.332261627			0.655435671			0.396726805		0.281356798		0.298037785		-0.311544628			0.456033886		-0.045283565		-0.145629253		-0.411922084								-0.376735038		-0.326661782	0.348340316		0.014684227
2	4	104	-0.100494915	-0.203149794	-0.259814645	-0.173683459	0.070480822	-0.334113951		-0.191519785			-0.161991061			-0.255938536		-0.023132049			-0.177857781		-0.259814645		-0.170895307		-0.096930672		-0.214485379		0.146297553			-0.083956956			-0.194865195		-0.134135324		-0.117424786		-0.734862814			1.841061588		-0.202925223		-0.185872646		-0.309413115								-0.049431939		-0.901254386	-0.384994134		-0.251532558
3	4	104	0.029963965	0.049274363	0.148228983	0.100616372	0.061598666	-0.13959581		0.082661772			-0.120783958			0.185945275		0.044839989			0.015087942		0.148228983		0.00320494		0.747616237		0.062321919		0.032912578			-0.044580852			0.112136055		0.049014942		-0.051128189		-0.08713311			0.758035822		-0.208114196		-0.107502044		-0.34338477								0.019152355		-0.547139266	-0.10458748		-0.054531468
4	4	104	0.315067699	0.236958612	0.310065601	0.663076308	0.722261639	0.71938692		0.209276962			0.109636833			0.391962042		0.354695803			0.275439594		0.310065601		0.249145528		0.289443407		0.624449685		-0.164938226			0.347866233			0.9876182		0.333221168		0.333219464		3.328320086			0.183185083		0.127958586		0.727481959		0.124634568								0.25149053		0.616312479	2.313267849		1.295471015
5	4	104	0.034114285	0.04460827	0.190523012	0.170769925	0.212261729	0.15081425		0.149753666			0.003270025			-0.019198883		0.044795498			0.023433073		0.190523012		0.075312012		0.072055806		0.170857021		1.908478179			0.128259793			0.118743323		0.165375345		-0.034864389		-0.626308956			-0.208204759		-0.264330505		0.053261415		0.089552512								0.120928182		0.288633997	0.759820796		0.276183209
1	5	105	0.317282824	0.417565209	0.282878784	#DIV/0!	0.332138402	0.382862208		0.486017418			0.355306254			0.411371955		0.407501413		0.390941335	0.227064234		0.174816233						0.157010215												0.365645929		0.332138402																			0.52053359			0.488259096
2	5	105	-0.314013367	-0.391157709	-0.551738711	#DIV/0!	-0.904667922	-0.363831331		-0.40405426			-0.288540992			-0.480877873		-0.307216991		-0.511566685	-0.320809742		-0.591910737						-0.661393357												-0.385110408		-0.904667922																			0.454295513			-0.863117073
3	5	105	0.135278426	0.131638024	0.035328725	#DIV/0!	0.877946619	0.264214987		0.178627586			0.052705833			0.163580653		0.099704095		-0.029868027	0.170852757		0.100525477						0.130576048												0.149243534		0.877946619																			-0.482068447			1.259108812
4	5	105	-0.021425848	0.037720042	0.130305524	#DIV/0!	-0.288750306	0.232257568		0.095440769			-0.052771005			0.070490363		0.00948013		0.061854016	-0.052331826		0.198757032						0.498212143												0.132431494		-0.288750306																			-0.047535285			0.345921921
5	5	105	-0.16382589	-0.145906105	0.282532519	#DIV/0!	0.754001574	-0.082883415		-0.136084318			-0.151806993			-0.149827004		-0.194202086		-0.074740134	-0.133449695		0.639805173						0.120168106												-0.033997627		0.754001574																			-0.633376052			0.215671914
1	6	106	0.282382669	0.265473155	0.216566823	0.302179379	0.105834837	0.333512286	0.199355316		0.100952339	0.220913038		0.356556282	0.426879653		0.192191848		0.30621214			0.22473417		0.480371049				0.12218244		0.540554705		-0.076674435	0.293032597		0.459909128	0.116485457				0.248856205		0.531958136			-0.281101344		0.019190198		0.266148851		0.05653371			1.441174175		0.823755115	-0.459394075		0.441381425		-0.095732756			-0.012280557	
2	6	106	-0.379415594	-0.388406281	-0.224812824	-0.643402977	-0.283480825	-0.206077091	-0.354128218		-0.324455786	-0.387161884		-0.177317084	-0.396956679		-0.172665602		-0.340627779			-0.436184784		-0.315009811				-0.487928758		-0.919869899		-0.538664988	-0.37827749		-0.117330964	-0.455196906				-0.351456604		-0.923354695			-0.726901773		-0.461433636		-0.491345637		-0.576967583			-0.558997776		-0.239177645	-0.936050862		0.326221776		0.668619641			-0.755292767	
3	6	106	-0.022477207	-0.167703243	-0.17414059	0.568565618	0.046055726	0.187027473	-0.034335661		-0.218312549	-0.260188951		-0.227702036	0.22709299		-0.076407185		-0.209851788			-0.125554698		0.480724414				-0.093396469		2.453307993		0.608369025	0.009470586		-0.224118687	-0.36730209				-0.118133133		1.416421241			-0.281045365		-0.447886483		-0.2673918		-0.410601662			0.123075472		0.106624952	1.693039974		0.892148557		1.105181609			-0.395981576	
4	6	106	0.220087053	0.283211416	0.410478196	0.242693089	0.627488788	0.52167962	0.362332057		0.661332082	0.121788799		0.139236986	0.176140302		0.43086552		0.142986812			0.423436021		0.463308907				0.38825108		0.012898369		0.363728754	0.449990383		0.366567921	0.005402093				0.266328869		0.568262345			0.18926082		0.506292164		0.564664767		0.341339587			0.628693143		0.762170763	-0.474917849		0.609638496		2.086285221			-0.168085995	
5	6	106	-0.116627619	-0.241759733	-0.112453915	-0.490566193	-0.359727847	-0.477664246	0.135502673		-0.217146682	-0.146069651		-0.195640936	-0.339315879		0.075425872		-0.239208475			-0.244310991		-0.241805468				-0.195302921		-0.983539318		-0.779436992	-0.155606729		-0.174079884	-0.38203075				-0.185012075		-0.841386527			-0.558615096		-0.18090358		-0.280317269		0.156533764			-0.144908015		-0.360774993	-1.263737602		-0.893125778		-1.030193886			-0.107813085	
1	7	107	0.284104152	0.047763575	-0.111258702	-0.128624346	-0.197470655	-0.300404074	0.287929488		-0.197284745	0.373956593		-0.044807521	0.190426374		-0.091683841		0.185588707			-0.090061556		0.114390325		-0.087011693		-0.189995342		-0.56802469		-0.73569481	-0.04735705		-0.197562327			-0.056044413				-0.171274672		-0.388654526	-0.601190415		0.066243273		0.401301275				-0.411743554	0.501710423		0.268096294			-1.161264909		-0.460750752			-0.540437802	
2	7	107	-0.064429095	-0.09451277	-0.263993925	-0.264407585	-0.338983182	-0.436909455	-0.024830056		-0.355961466	-0.059556196		-0.148726157	-0.108901033		-0.287294153		-0.030240053			-0.158785488		-0.102038622		-0.191388943		-0.143823132		-0.401205966		-0.827599434	-0.069261405		-0.232069309			-0.225940713				-0.625500013		-0.888337925	-0.367444543		-0.138380697		0.077422183				-0.376322106	-0.020994964		-0.356769882			-0.695376084		-0.799930686			-0.489601093	
3	7	107	-0.009137588	-0.275481354	-0.020094272	-0.017459305	0.219924112	0.251440976	0.056243373		0.308211518	-0.176138488		-0.126607505	0.092482352		-0.24188683		-0.296728264			-0.254234444		-0.003428663		0.096207062		0.09479486		-0.166223805		-0.167299382	-0.164073109		-0.330925793			-0.089303251				0.428437402		0.461223753	-0.133911987		1.361856218		0.084299892				1.039988689	-0.065555671		-0.349138091			0.240359574		1.307729428			-0.60712773	
4	7	107	0.177425144	0.05432498	0.48299368	0.195123337	0.955798604	0.575553607	0.265500927		0.715196753	-0.019238862		0.515271035	0.286013368		0.218513253		0.011664997			0.096984962		0.202932744		0.321063247		0.012238442		0.400329231		1.671107002	0.038833479		0.372543619			0.929696092				-0.104238182		0.212885856	0.574492012		0.524490748		0.626371336				0.257268244	0.05839074		0.358700595			0.532227057		2.888713438			0.2958712	
5	7	107	0.354404054	0.309400028	0.149527682	0.419124536	0.242053878	-0.051424733	0.378509235		0.112640476	0.32332164		0.269600936	0.361381286		0.066341635		0.209621943			0.409178113		0.464762389		0.17622843		0.270519581		0.313745902		-0.325478539	0.533417535		0.084859527			0.157738426				0.401786829		-0.173971612	0.172367169		0.178634124		0.281332626				0.124195241	0.628667394		0.077063396			-0.762091595		0.367563863			0.048799444	
1	8	108	0.080220895	0.369805831	0.180753098	-0.231973526	-0.157586771	#DIV/0!								0.369805831		0.176739501			-0.016297711		0.180753098											0.21552748			0.023051382		0.298466464				-0.306733201			-0.246264222						-0.077574837						-0.553527228		-0.661873369			-0.332513673		
2	8	108	-0.041067637	-0.137779477	-0.348853491	-0.488341268	-0.482188212	#DIV/0!								-0.137779477		-0.151837996			0.069702721		-0.348853491											-0.165349953			-0.259381492		-0.117572929				-0.82451234			-0.371951192						-0.292924051						-0.979010247		-1.016977101			-0.330473775		
3	8	108	0.117669903	0.733100888	0.171164847	0.179231941	0.924481483	#DIV/0!								0.733100888		0.114685842			0.120653964		0.171164847											0.418574728			0.157781533		0.282878992				-0.372562827			1.913876937						-0.092698068						3.521916597		-0.065448129			0.320264961		
4	8	108	-0.189674279	-0.082805157	-0.161102915	-0.291819764	0.004253423	#DIV/0!								-0.082805157		-0.246289869			-0.133058689		-0.161102915											-0.31351558			-0.27383212		-0.217821467				1.103445905			-0.015540022						-0.393462034						-0.081575613		-0.047993441			-0.609644383		
5	8	108	-0.034806955	0.474455601	-0.052061442	0.918187375	0.488106266	#DIV/0!								0.474455601		-0.047946769			-0.021667142		-0.052061442											0.190969546			0.364612692		-0.001194805				0.038801213			1.648420801						-0.25995892						0.945792263		0.837184967			1.918571962		
1	9	109	0.188985901	0.329147755	0.088006811	-0.054290352	0.21452095	-0.110944437		0.571925069			0.33246745			0.083050746		0.275679635		0.309414433	0.102292167		-0.133400811		0.186568784				-0.05228996		-0.509095015			0.115481374			-0.043739492		-0.002071565		0.164705731		1.745229624			-0.246229104		0.495107816		0.260205977					0.253430476					-0.461124242		-0.628162792	-0.249073415		-0.29918114
2	9	109	-0.086600254	-0.096811345	-0.060144732	-0.295534896	-0.211702103	-0.247855686		-0.074572039			-0.024926136			-0.190935859		-0.014015192		0.020409829	-0.159185316		-0.140699293		-0.102017857				-0.042821528		-0.383245465			-0.019182865			-0.180358795		-0.083892546		-0.050537127		-0.42533228			-0.267312637		0.109693561		-0.056180174					-0.104464822					-0.751698145		-0.600099902	-0.456242454		-0.489639701
3	9	109	-0.14344405	-0.124234865	-0.044236053	-0.137995851	-0.056465544	0.084743314		0.079848099			-0.174707079			-0.277845615		-0.099139768		-0.066671687	-0.187748332		-0.021800418		-0.134828312				-0.141165782		-0.624312535			-0.109315159			-0.252734155		-0.134633036		-0.051253692		-0.412551612			1.36475526		0.246928463		-0.303572161					-0.226272294					-0.397325136		1.253363573	-0.266953694		-0.333655366
4	9	109	0.079726095	-0.011929276	-0.221522932	0.068113798	-0.241295065	-0.483815134		0.130956793			-0.053298864			-0.113445756		0.094719063		-0.306984056	0.064733127		-0.136061808		-0.080718373				-0.388419148		-0.652921809			0.072206725			-0.204869442		-0.001080183		-0.234675331		-0.337725849			-0.243076477		0.192152769		-0.509238723					-0.241960227					0.619802172		-0.548121843	-0.538419565		-0.738620626
5	9	109	0.073658256	-0.094894149	0.064929974	-0.244595015	-0.314342176	0.231923591		0.101975394			-0.128901853			-0.257755986		-0.062032746		-0.066450673	0.209349257		0.19631062		-0.154263963				0.06032107		-0.2271105			-0.090654513			-0.333956662		-0.151530352		-0.000857641		-0.652496706			-0.264328789		-0.050836754		0.113258386					-0.477584098					-0.396772931		-0.097631345	-0.379240024		1.084527486
1	10	110	-0.085751898	-0.412303394	-0.42127322	-0.456389286	-0.470497424	-0.655149992			-0.624775837	-0.040710261		-0.275327256	-0.130793535		-0.363716566		-0.223114735			-0.601492052		-0.13338255		-0.433714396		-0.450173532		-0.083976222		-1.422521264			-0.439855313	-0.264084635		-0.214010949		-0.252988478		-0.684509946		-1.034812339	-0.877303219		-0.760538617		-0.084482594		0.388348199		0.037929905	-0.503689683		-0.420002049	-1.492516229		-1.208824909		-1.60963372			0.044791206	
2	10	110	-0.417317333	-0.51036522	-0.140053195	-0.727080138	-0.617846687	-0.092464272			-0.170480108	-0.410150661		-0.069398793	-0.424484006		-0.180280683		-0.445036696			-0.575693744		-0.438278019		-0.0816515		-0.627697887		-0.878608665		-0.551575039			-0.127991918	-0.484105048		-0.004650358		-0.451800897		-0.935852513		-0.220609361	-0.431142157		-0.026126637		-0.733544798		-0.79429944		0.290651849	-0.74431881		0.275276708	-1.110036451		-0.385502191		-0.363016508			-0.913173346	
3	10	110	-0.000657514	0.18803906	-0.079857987	0.222763834	0.186754188	-0.111018788			-0.020042992	-0.071542177		-0.021004113	0.070227149		-0.198526856		0.211056124			0.165021995		0.252265112		-0.113967736		0.162145787		0.667106061		-0.569217801			-0.061272993	0.112139823		-0.021366449		0.165790817		-0.338016806		-0.020472104	0.274121222		-0.159696992		-0.02582697		0.924667935		0.323999524	0.008318647		-0.008379555	-0.118491325		-0.368794982		0.152279246			0.479382058	
4	10	110	-0.14287338	-0.101052457	-0.218894269	-0.302619938	-0.173384555	-0.440805177			-0.187863493	-0.061749161		-0.164373091	-0.223997599		-0.304446224		-0.040518247			-0.161586667		-0.120600116		-0.308723123		-0.129820002		-0.388939468		-0.693570146			-0.248793479	-0.111427066		-0.192625132		-0.000853021		-0.582184102		-0.522864623	-0.027673094		-0.55553921		-0.134957124		-0.092521848		-0.109364599	-0.088776396		-0.34005734	-1.008837418		-0.995708945		-0.433190127			-0.168102499	
5	10	110	-0.041294857	0.155277805	0.093106528	0.346945641	0.346617217	0.500461731			0.331469559	-0.135857449		-0.003114713	0.053267735		-0.049035263		0.060021447			0.250534163		0.28615417		0.004144879		0.166377662		0.394610291		0.081559476			-0.131415223	0.239987732		0.296018374		0.031822771		1.627445696		1.421707338	0.938488093		0.74289217		-0.223877819		0.456438334		0.358370733	-0.49730663		0.254974145	-0.670252562		1.475903683		1.774181201			-0.015417727	
1	21	121	0.137862172	0.083277568	0.311082251	0.539294381	-0.014956996	0.094071642	-0.216608285		0.117668868	0.498199348		0.349664335	0.131995454		0.465913549					0.083277568		0.490310883		0.190235086		0.11997894		1.050108292		0.949723434	0.847635377		0.39713301	0.204295033				0.064994747		0.167041524		-0.316020805	0.765359869		-0.218945206		0.489912522		0.356447172		-0.160809574	0.304330227			0.668121051		-0.182814452		-0.796435352			0.046764163	
2	21	121	-0.207869528	-0.178576852	-0.225149737	-0.055690504	-0.286870507	-0.550531643	-0.290763903		-0.289246703	-0.092587174		-0.165773085	-0.240257508		-0.220429424					-0.178576852		-0.171473478		-0.258748698		-0.180686494		0.914826452		-0.711582364	-0.184047789		-0.115302802	-0.194817379				-0.134082076		-0.832580277		-0.723723496	-0.361348759		-0.522150151		-0.168778006		0.541535907		-0.393033896	-0.272304128			0.058994912		-1.129180094		-0.432324136			-0.518481823	
3	21	121	-0.095310797	-0.221885343	0.044803987	0.000849064	0.038230498	0.520280882	-0.268482876		-0.035019827	0.110242939		0.028461075	-0.127692455		0.140970713					-0.221885343		-0.068082702		-0.018352392		0.059771862		-0.18939385		0.59606948	-0.19275834		0.15763789	0.131043278				-0.117995415		-0.679446906		2.875108755	0.096454269		0.080012617		0.013523304		0.607433658		-0.160049408	-0.17620906			0.478601228		0.111539229		0.06904156			0.16681118	
4	21	121	0.416979387	0.055379971	-0.024946636	0.025136017	0.073663191	-0.240230193	0.201543665		-0.190224552	0.837290401		-0.048339061	0.212104094		0.163723704					0.055379971		0.277072365		-0.008703436		0.155118454		0.186204206		-0.291358234	0.094901414		-0.131993112	0.118761124				0.031874262		-0.475291957		-0.106178155	0.192228164		-0.355297211		0.234754354		0.306690937		-0.309625286	-0.194987951			-0.279354147		-0.478455915		-0.195929486			0.142498374	
5	21	121	-0.249755893	-0.247290268	-0.667602866	-0.170851094	-0.234853153	-1.029947514	-0.416071414		-0.729194831	-0.065374728		-0.760986663	-0.267821535		-0.512627104					-0.247290268		-0.377870402		-0.718059271		-0.348176664		0.030448414		-0.780666385	-0.370292621		-0.61658824	-0.262765714				-0.118457654		-0.299610219		-1.282902722	0.615614083		-0.990965741		-0.058398148		0.056180054		-1.078810736	-0.679820515			-0.249542925		-1.741639501		-0.846022936			0.196789636	
1	22	122	-0.009767494	-0.017951881	-0.009767494	-0.076702534	-0.12559011	-0.23991188		0.182858517			-0.005227176			-0.231486985		-0.103497044		-0.103497044	0.083962055		0.083962055		0.001030874				-0.296829676					0.022714449			-0.052787973		-0.053690201		-0.00627361		-1.019698906					-0.116066907				0.036894252						0.258306647		-0.23763274			0.100579713		-0.416632354
2	22	122	-0.199145116	-0.241047409	-0.07908452	-0.098894423	-0.279772533	-0.28704358		-0.221140766			-0.197884015			-0.304117444		-0.102049044		-0.289651025	-0.296241187		0.131481985		-0.24200381				-0.18820142					-0.232093162			-0.259362336		-0.217674763		-0.284688399		0.026446178					0.051328368				-0.159463096						-0.812158972		-0.098977417			-0.130253879		-0.388240921
3	22	122	0.039910805	0.316704244	0.198537004	-0.121612761	-0.156544732	0.08087975		0.917371082			0.194383955			-0.161642307		0.23501603		0.10115425	-0.155194421		0.295919757		-0.050251504				-0.039819943					-0.126002658			0.114063303		-0.101300614		0.015486483		-0.294605968					0.096372843				0.10688411						-0.689355676		-0.598291689			0.116768418		0.266972712
4	22	122	-0.207531647	-0.133435652	-0.11853205	-0.496741269	-0.165667872	-0.498094205		0.03297267			-0.096374636			-0.336904991		-0.170940415		-0.317374784	-0.244122879		0.080310683		-0.190710223				-0.508687167					-0.355676517			-0.248046501		-0.285132797		-0.268161495		1.658716511					-0.463735928				-0.527799079						-1.330491423		-1.096943085			-0.141153266		-0.717433953
5	22	122	-0.188452065	-0.116180453	-0.009671503	-0.407217803	-0.395126561	0.36154731		-0.029454231			-0.151090737			-0.167996392		-0.113384708		-0.008303128	-0.263519421		-0.011039878		-0.244297251				-0.114787572					-0.370225312			-0.262770789		-0.368718443		-0.01731358		-0.616248046					-0.427784383				-0.093748575						-0.783469393		-0.845842383			0.013473997		1.216743082
1	23	123	-0.075519399	-0.073486652	-0.008635477	-0.076446373	-0.175237754	0.016201841		-0.267101431			0.119695301			-0.073053825		0.011135324		0.144758209	-0.162174122		-0.162029163		0.043011535		-0.079043124		-0.128907629		-0.634432431			0.194924096			0.051948522		-0.101909776		0.015123025		-0.877087292			-0.124831196		-0.164057476		0.436655719		0.056186158			-0.111621421					0.237504019			-0.274725507		-0.258063749
2	23	123	-0.461394537	-0.423556437	-0.370205407	-0.40183661	-0.112508347	-0.263005505		-0.5030231			-0.407833957			-0.359812254		-0.382982808		-0.322103847	-0.539806266		-0.418306967		0.399906216		-0.291738753		-0.238492376		-0.03707882			-0.509757631			-0.052519814		-0.351589665		-0.251317382		0.590200087			-0.03677974		-0.553907024		0.193087016		-0.460432313			-0.793604758					-0.728502905			-0.083444703		-0.755299276
3	23	123	0.094986141	0.105833815	0.043585122	1.06143008	1.005325315	0.891442052		0.018357754			0.166167383			0.132976308		0.119949595		0.033892647	0.070022687		0.053277597		0.424812621		1.01194593		1.01194593		2.136129964			0.413903021			0.788388889		0.31534464		0.114950078		2.101864963			1.082562172		-0.244467182		1.123990908		0.840413476			0.254527412					2.542572584			1.68175443		1.314881291
4	23	123	-0.141436733	-0.108688619	0.112866262	0.04122285	-0.317305012	0.111273665		-0.173742438			0.002738782			-0.155062202		-0.102346114		0.090715984	-0.180527353		0.135016539		-0.292313208		-0.134450516		0.416410367		-0.526683442			-0.165359852			-0.175935803		-0.150887382		0.082685272		-0.957185018			0.195321058		0.002388025		0.121799858		-0.326292271			-0.289991562					0.302298402			0.186765721		-0.175800838
5	23	123	0.663465717	0.227821217	0.311824702	0.379329493	0.272622635	0.510049265		0.146693706			0.233934003			0.302835941		0.188829998		0.121935092	1.138101437		0.501714313		0.223216669		0.416311814		0.504986344		0.488154771			0.470605085			0.376896775		0.182619994		0.28117796		0.120540996			0.451639149		-0.029393654		0.47950046		0.157377047			-0.107449411					0.184807447			1.142301864		0.774532296
1	24	124	0.023210783	0.205044942	0.322676677	0.221731487	-0.091407014	-0.016925542	-0.346664047		0.504155064	0.229687585		0.145527257	0.186608809		0.31834771		0.226236628			0.183853255		0.270153479		0.20338214				0.109079058			0.08212604			0.440092377		-0.027051899		-0.035233411		-0.008104505		-0.073936036			-0.329649295		-0.190131534				0.155934021	0.437042471		-0.030232183								-0.048856097	
2	24	124	-0.436388892	-0.338968401	-0.189248726	-0.416326528	-0.499545045	-0.316185218	-0.537427998		-0.082843446	-0.356022033		-0.331445818	-0.415716645		-0.153456914		-0.324368824			-0.353567978		-0.315224498		-0.124957245				-0.602705017			-0.311547691			-0.288283796		-0.381798563		-0.334797779		-0.337781417		0.040955442			-0.425135901		-0.525331706				-0.37740163	-0.642416749		-0.628773414								-0.638505651	
3	24	124	0.025996154	0.128653744	0.125998523	0.103349525	0.248725914	0.637625139	-0.189371348		0.229050636	0.067409831		-0.017666024	0.19994998		0.166610956		0.106555084			0.150752403		0.056027946		0.056604286				-0.028904304			0.153646471			0.827373623		-0.023557867		0.015803534		-0.564230316		2.707186617			1.018919214		0.388957688				-0.126284354	0.176183729		0.192882938								0.341416521	
4	24	124	0.371646513	-0.001882384	0.05355067	-0.0383017	-0.215449678	-0.047939462	0.913926887		-0.025176001	-0.059318255		-0.00577421	0.260330906		0.191602221		0.019293553			-0.023058321		-0.001447397		-0.084862347				0.23311051			-0.069260638			0.086615224		-0.163647572		-0.083924589		-0.374378432		-0.275880623			0.53360975		-0.089472779				-0.025529517	-0.104449466		-0.271326466								-0.472951665	
5	24	124	0.164720226	-0.077207988	0.246881692	0.209074661	0.425465959	0.107035926	0.143412401		0.594012665	-0.071911147		-0.276027014	0.422659424		0.422659424		-0.138441807			-0.015974169		0.05125489		0.414200295				1.510000394			0.277729004			0.554137492		0.06970344		0.047434952		-0.6352538		0.399701501			0.057094947		0.09978274				-0.47923203	-0.503420016		0.180747401								1.129180187	
1	25	125	-0.249466591	-0.223980763	0.24056375	-0.180588895	-0.282600038	-0.3355703	-0.594382285		0.071921827	0.06635659		0.485528318	-0.220374077		0.164241106		-0.103104183			-0.344857343		-0.162047175		-0.10848003		-0.246178108				-0.627898508	-0.260270986		-0.076692449	-0.101646836		-0.201762231		-0.152602185		-0.819225435		-0.719214901	-0.305461788		-0.455605549		0.126024338		-0.178532653		-0.528862399	-0.384619947		0.549754069	0.767093657		-0.851370704		-0.842230701			-0.298013533	
2	25	125	-0.291045612	-0.198770441	-0.434704202	-0.340368313	-0.189364306	-0.678877676	-0.322576428		-0.41741662	-0.248480014		-0.429328813	-0.302080396		-0.457367173		-0.134032897			-0.263507985		-0.2569395		-0.388289371		0.117675033				-1.163019455	-0.282188785		-0.257531295	-0.276058398		-0.584223281		-0.167629003		-0.891530085		-0.887020489	-0.021532857		-0.631405946		0.184292999		-0.376349869		-0.494001429	-0.256651983		-0.527641465	-0.361695025		-1.176766352		-0.70061658			-0.380543979	
3	25	125	0.092880644	-0.020789032	0.311105408	0.052460712	0.471055326	0.946478469	0.028900766		0.665583992	0.145843831		0.047581044	0.103897336		0.220151189		-0.022272934			-0.01930513		-0.115114493		0.285912695		0.764791917				0.149215391	0.17235218		0.472657933	-0.038025698		0.078768478		0.29928092		-0.354518044		1.080412362	-0.109583308		1.90344976		0.50896037		0.273953258		-0.076432467	0.075052354		1.343112876	0.515569445		3.281209196		1.070318869			-0.288075445	
4	25	125	-0.273831528	-0.304399376	-0.173912686	-0.502168838	-0.236550115	-0.422301636	-0.352722025		-0.235931253	-0.170128736		-0.289359006	-0.298643825		0.003552201		-0.272751916			-0.336046835		-0.397918001		-0.314198458		-0.45446237				-0.401297701	-0.394970326		-0.228141275	-0.388408397		-0.355066923		-0.251372051		-0.988066669		-0.236945968	-0.54342732		-0.526717194		-0.35807987		0.107095018		-0.476884874	-0.59234388		-0.442202184	-0.819311133		-0.819260145		0.319481076			-0.438317362	
5	25	125	0.491280983	0.265451166	0.60868167	0.54247197	0.551954982	0.553490038	0.922191547		0.906980325	0.227159404		0.228039645	0.324491999		0.69102504		0.131859618			0.399042714		0.167438853		0.76428549		0.816052837				0.25546359	0.134252163		0.668211733	0.358984834		0.175473246		0.148258176		1.220720998		1.237546251	1.439226724		0.911111354		0.698124257		0.973438731		0.489581116	-0.331489639		0.536174159	0.377203097		-0.056436594		0.724518886			0.372820755	
1	26	126	0.024632086	0.106983988	-0.026335369	0.085838724	0.026544908	-0.111720583					0.156523618			0.057444358		0.271811832		-0.047070156	-0.222547661		-0.005600582		0.313075764		0.178193533		-0.089111117		-0.3195546			0.086113558							0.097953768									0.101393286													-0.006516084		-0.557118267
2	26	126	-0.12568561	-0.158833233	-0.118143016	-0.35713783	-0.249364037	-0.21324645					-0.097872189			-0.219794277		-0.069428137		-0.074081145	-0.181943082		-0.162204886		-0.040477441		-0.333769202		-0.214156457		-0.592305639			-0.115309033							-0.000626234									-0.119697962													-0.380506458		-0.518505147
3	26	126	0.059434322	-0.018158498	-0.16748819	-0.010759623	-0.251852142	-0.176950309					0.055030213			-0.091347209		0.158295347		-0.227092789	-0.039426702		-0.10788359		-0.170863626		0.007378548		-0.309964047		-0.527418293			-0.057274507							0.09876701									-0.033927886													-0.028897794		-0.462676312
4	26	126	0.605165715	0.861507098	0.205331559	0.729789866	0.597820945	0.642114886					0.599371997			1.1236422		0.729108225		0.160774123	0.481223205		0.249888996		0.53700204		0.479643602		0.396495355		0.583582931			0.672877866							0.466123779									0.842684417													0.97993613		0.863155993
5	26	126	0.311147772	0.233690294	0.160425864	0.352636251	0.22906442	0.142989767					0.33535988			0.132020709		0.400779792		0.133288928	0.221515752		0.1875628		0.193568525		0.151425669		0.000461576		0.291943131			0.201681602							0.216136238									0.135223086													0.553846833		0.220138169
1	27	127	-0.095769059	-0.100725767	0.049860109	0.21818839	-0.201064973	-0.128300496		-0.396536397			0.088370713			0.005988383		-0.095769059		0.155504812			-0.055784594		0.063365674		-0.207352732		-0.222802882		-0.735212023			0.052752764							-0.002155958		-0.588940152					0.568104256		-0.049304341		1.160951181			-0.165734376			-1.194637882				0.273330525	0.293813648		-0.640569826
2	27	127	-0.090433322	-0.180281638	-0.06001442	-0.083573581	-0.295052544	-0.156816765		-0.173370886			-0.11158532			-0.255888707		-0.090433322		-0.025364123			-0.094664717		-0.087748346		0.053148273		-0.247643072		0.263185475			-0.067260671							-0.100749591		-0.866672114					-0.002295535		0.966453835		-0.259336455			-0.155512221			-0.892023478				-0.850263027	-0.30157348		-0.551881968
3	27	127	-0.02352177	0.249442416	0.13098156	0.362138237	-0.240906532	0.036813173		0.748908901			0.064335194			-0.064916846		-0.02352177		0.196334015			0.065629104		-0.148394563		0.247097622		-0.10511361		-0.101964864			0.105610809							0.149129956		-0.620822355					0.309878257		0.057679863		-0.326710037			-0.075116394			-0.518948323				0.053460337	0.529438833		0.028909321
4	27	127	0.02118159	0.031458645	0.047655751	0.337418267	0.284578023	0.298931927		-0.091673089			0.192930748			-0.006881723		0.02118159		0.036582953			0.05872855		-0.151931729		0.791407762		-0.111777378		1.288225819			-0.069506256							0.032885263		-0.69224987					0.243268512		0.028502022		-0.025582545			0.012134163			1.630956577				1.984590335	-0.022421474		-0.439540607
5	27	127	0.200582427	0.316191246	0.573879373	0.669358766	0.722404664	0.649143953		0.566971111			0.210409022			0.171193606		0.200582427		0.61883108			0.528927665		0.249601015		0.29372676		0.495374748		1.631867748			0.257965848							0.282442678		0.071906863					0.379546699		0.328408786		0.724273468			-0.04257859			2.163796297				0.220921589	1.33480284		1.918571962
1	28	128	-0.511929528	-0.368266512	-0.220714982	-0.761492056	-0.465038565	-0.573654149	-0.727718399		-0.157224463	-0.311795991		-0.394750159	-0.496274194		-0.110170325		-0.333988642			-0.402544383				-0.404303697							-0.437951586					-0.478776051		-0.236482178		-0.824790878					-0.8378827		0.319749859					-1.021733704							-1.44212206			-0.501299881	
2	28	128	-0.357410087	-0.313973329	0.133128641	-0.434036283	-0.255187201	-0.087213713	-0.405101299		0.399681711	-0.301340026		-0.03692809	-0.365788937		0.036632302		-0.244475027			-0.38347163				0.202992492							-0.280188073					-0.204870894		-0.117690221		-0.747663439					-0.259762736		-0.078368928					-0.274257338							-0.381896309			-0.442793347	
3	28	128	-0.084015772	-0.115623311	0.194451644	0.341614095	-0.079681032	-0.304575718	0.101101494		0.334873534	-0.23203886		-0.09888876	-0.121109951		0.34737016		-0.188430563			-0.042816059				-0.1401707							-0.038801277					-0.315055832		-0.101603065		1.408808717					-0.458500622		-0.247134197					-0.345165154							-0.095761054			0.12577419	
4	28	128	-0.295682909	-0.329797869	0.132742296	-0.630749685	-0.532641288	-0.191767447	-0.403411007		0.333115149	-0.302899989		-0.123668813	-0.180737731		0.188780552		-0.289236892			-0.370358845				-0.002138446							-0.361355227					-0.169299587		-0.284716277		-0.905165711					-0.403864308		-0.392153296					-0.625728117							-0.948663124			-0.505032455	
5	28	128	0.055081255	0.144831956	0.204386474	0.234093541	0.315028783	-0.258737271	0.30223465		0.008934211	-0.085749503		0.090929805	-0.051241383		0.513295406		0.03562142			0.254042491				-0.086580592							0.247038937					-0.244871058		0.065118479		0.918158123					-0.444760162		-0.008444793					-0.462916435							0.706106146			0.4973353	
1	29	129	-0.160279736	0.175112968	0.105426247	-0.054883613	-0.524297919	0.139506948	-0.327269458		0.188612796	-0.014395553		0.067635458	-0.139174196		0.060030487		0.225661894			0.124564042		-0.207638046		-0.123875426		-0.041292744		-0.523933798		-0.522093863	-0.145460877		-0.162252489	-0.020428616		-0.20397056		-0.169147375		-0.61137056		0.739561997	-0.578667407		-0.645209247		-0.497168832		0.52246072		-0.428805958	-0.099986422		0.283828484	1.171072489		2.318379589		-1.161039186			-0.75284146	
2	29	129	-0.325141404	-0.18939378	-0.229128625	-0.100824768	0.419896941	-0.05349455	-0.438424349		-0.254032517	-0.202559871		-0.180581979	-0.334439993		-0.252771381		-0.162757059			-0.2160305		-0.261631354		-0.157467925		0.215526874		-0.296525834		-0.895082854	-0.330227268		-0.24880358	-0.323927587		-0.209294916		-0.167753147		0.752363953		1.027619853	-0.2989704		-0.422031945		-0.395400625		-0.326538365		-0.276227391	-0.324381941		-0.056410181	0.502415885		0.756247987		3.12350285			-0.676391244	
3	29	129	0.199240658	0.485850893	0.231475963	0.362163009	0.295299658	0.321147402	0.126696443		0.245389318	0.338359901		0.353291818	0.132665631		0.095746752		0.300247022			0.671454764		0.210136973		0.408309728		0.417590309		-0.191826306		-0.024920832	0.201681997		0.185004671	0.441448233		-0.059131639		0.416349826		-0.423551788		1.04472402	0.161942902		0.145248404		0.103026452		1.759362781		0.291046007	0.143809185		0.510884357	0.956463101		0.389161897		-0.214537366			0.754069072	
4	29	129	-0.174316882	-0.024678522	-0.140450981	-0.311896766	0.316400841	-0.305565149	-0.271945763		-0.138767624	0.005286752		-0.164302043	-0.256291634		-0.118283275		-0.039965354			-0.00939169		-0.255256606		-0.25847849		-0.130133907		-0.639009846		-0.544416691	-0.167349917		-0.115304824	-0.128096706		-0.326131243		-0.050676011		-0.533105964		0.027677048	-0.428092109		-0.522116252		-0.187605642		-0.042425777		-0.092698381	-0.17219055		-0.039727175	-0.441543423		-0.878890335		2.201931404			-0.251511638	
5	29	129	0.058888634	0.412132167	0.152495237	0.301328377	0.075892187	0.333814467	0.009721185		0.392131378	0.165344656		-0.139144232	0.00160006		0.204498565		0.322550021			0.501714313		-0.013048197		-0.114702203		0.270678479		0.488441311		0.601916763	0.309094431		0.244365184	0.117549212		-0.163860355		0.147650751		0.942374053		-0.150959606	0.351411057		0.540975195		-0.187852627		0.221544203		0.321682737	-0.302164909		0.497728559	0.596754231		1.22718393		-0.024867673			0.173852003	
1	30	130	0.267506269	0.005158526	0.057128815	-0.079005148	0.075312814	-0.052743884		-0.201672601			0.174868212			0.042279968		0.173238231		0.189575387	0.361774308		-0.075317758		0.096000229									0.176261753			-0.000320667				-0.018116516		-0.318699428							0.666483537					0.423322184							-0.513205719	-0.079005148		-0.346136837
2	30	130	-0.182973541	-0.202417638	-0.034376436	-0.580760607	-0.199125568	-0.359821966		-0.305598641			-0.181553057			-0.120101217		-0.118575028		0.008447923	-0.247372054		-0.077200795		-0.1744507									-0.232138414			-0.159232639				-0.100755783		-0.606982672							0.19795229					0.177176583							-0.95126567	-0.580760607		-0.585218699
3	30	130	0.029543514	-0.011893751	0.030068154	0.813085752	0.054844123	-0.24864202		-0.002107239			0.013380852			-0.046954867		-0.021660913		0.129464041	0.080747942		-0.069327732		0.453202837									-0.06125341			0.412467935				-0.084486937		-0.388333332							0.008696388					-0.141863414							-0.530514151	0.813085752		-0.38826338
4	30	130	0.248503577	0.31682695	0.524085295	0.183560245	0.41737847	0.683425084		0.300060082			0.293799258			0.35662151		0.167800349		0.35025112	0.329206805		0.697919469		0.651032676									0.174318941			1.082045987				0.14900175		0.138832474							0.429538235					0.040662271							1.421005688	0.183560245		0.734154662
5	30	130	0.109608694	0.221689616	0.173874194	0.259226808	0.237711536	0.484632728		0.366395569			0.151639099			0.14703418		0.02851437		-0.03695274	0.190703018		0.384701128		0.22775084									0.261752914			0.535877004				-0.252925931		0.508278963							0.21707155					-0.34510204							1.729270212	0.259226808		0.24511508